90.98051564 29.23193175 1
97.42678444 80.49055527 1
56.76437106 64.28809478 1
85.57418900 47.72023137 1
85.32251229 82.12190618 1
73.45764711 49.30872644 1
85.96846716 50.65935657 1
94.79146306 48.20424646 1
87.81349474 32.98361707 1
95.95189081 28.90603012 1
61.22096928 76.27190870 1
50.56808880 87.83956823 1
92.00092982 28.08247614 1
67.73227222 99.92106813 1
78.87352821 96.38716080 1
34.46301278 94.66225623 1
36.35250907 94.95814123 1
93.69544501 44.53467895 1
75.68656798 72.02957354 1
63.63626282 81.63611922 1
31.24239142 92.77915317 1
94.74954564 73.50794279 1
73.16547851 85.32573896 1
57.95494825 66.06723203 1
86.31794529 55.57225949 1
68.56647910 59.82187275 1
94.13540315 74.36804237 1
68.04671717 79.98605472 1
97.00969021 32.44157857 1
90.87082426 76.48333345 1
29.88431998 91.71060644 1
81.63354884 38.84348548 1
86.26976786 67.49970782 1
70.88041613 93.40939107 1
71.27816458 60.01842806 1
78.18805423 48.30075665 1
76.56753625 99.66232317 1
70.29392910 51.09640803 1
72.33024287 60.77310584 1
49.64275222 87.62272843 1
83.34706069 61.71496314 1
95.06815459 55.68134595 1
41.38435407 80.45593445 1
45.65205033 90.22577989 1
80.01711300 94.91994101 1
70.12549003 84.51315158 1
97.63434150 77.65271634 1
45.21428168 82.21551724 1
84.94758866 48.34335355 1
45.19662020 97.29977839 1
94.36836804 46.21723308 1
75.48975058 48.14184382 1
41.09434459 96.45090731 1
92.07185931 57.25847650 1
97.55529361 64.73350623 1
68.87071828 86.46179454 1
70.22005518 90.95489702 1
94.72792885 77.48471113 1
80.34535723 57.83104773 1
79.85919421 92.14398624 1
62.59993935 87.82638251 1
51.19113953 90.69821766 1
81.87833085 40.79665885 1
93.03649927 62.60535583 1
93.31347390 80.30495529 1
95.65799701 25.20138880 1
87.98393402 66.39629380 1
83.28455069 39.67418530 1
98.86667040 21.55011285 1
79.34135867 74.77927753 1
91.83913697 46.55325988 1
62.95810316 60.86159396 1
93.75565761 76.48820863 1
94.74988767 31.73914617 1
57.63712969 94.85459889 1
45.93654613 74.55051487 1
31.74746355 92.88000583 1
50.52031739 79.21553257 1
64.42545229 80.34132512 1
91.82208667 95.43246661 1
55.57152533 72.85134500 1
45.23398248 78.46828668 1
67.48532846 69.54582142 1
53.70247234 95.52227394 1
88.87386434 84.74370150 1
61.95744130 67.95505544 1
87.99735147 61.56364866 1
93.74449995 54.49278361 1
82.67733552 82.48133371 1
62.49300086 74.62117267 1
80.16526600 79.26263726 1
68.99376326 93.95741454 1
93.99485570 31.96912545 1
70.85115098 55.59858020 1
38.97698494 82.72663326 1
75.52311571 73.14938606 1
84.00724071 83.92063666 1
95.17328276 29.76251510 1
92.83123326 49.53835924 1
73.85033651 46.39801878 1
40.24288386 82.76180111 1
98.36500296 55.50232716 1
98.60686376 41.12160690 1
76.41966643 54.42871035 1
68.27692724 55.14128124 1
73.96348439 83.60066029 1
39.73009124 83.44233550 1
95.07407168 66.54821395 1
67.27881894 87.46536197 1
77.17674655 52.21991992 1
82.98257500 60.61415229 1
91.89447798 60.10004232 1
84.92493470 89.44994685 1
75.36266689 72.97322639 1
62.20522213 98.73346139 1
31.22460805 99.92996230 1
65.78583923 77.16138404 1
25.73879174 96.39050691 1
62.02743927 68.34182508 1
83.15343407 50.91547489 1
64.36886044 78.94433956 1
88.97715152 54.12708692 1
53.82085926 98.14824367 1
70.85496146 53.20687564 1
81.89239322 53.90790978 1
99.73616993 82.35939255 1
54.36443877 93.87199019 1
77.73258552 87.47964154 1
52.80574511 97.87361441 1
77.47056941 53.13661325 1
66.39718716 96.81327167 1
37.68837071 90.02528259 1
95.76836341 27.18667724 1
59.57436901 61.27170525 1
78.80490256 92.58559081 1
33.68412715 90.19619645 1
56.42240241 85.38131051 1
40.53053907 97.38310553 1
66.28499503 68.03384518 1
55.57865615 73.33472569 1
43.68162882 86.93454214 1
60.82519522 63.58955809 1
89.50776087 86.27519977 1
81.80427009 75.12505622 1
91.00784716 64.99511729 1
75.96977605 97.48913336 1
48.44470211 95.03922444 1
77.76493619 64.76635857 1
29.94920117 94.87924175 1
98.30004173 58.55973073 1
72.54863302 52.02923422 1
49.58326362 81.38758019 1
79.11225884 45.18060024 1
66.85514728 83.91438127 1
83.69563028 98.42604520 1
71.73833316 91.96267364 1
87.66677372 98.18363582 1
69.54816192 53.79184011 1
90.96119193 54.10275725 1
68.99610914 61.08621847 1
41.61519915 89.24596463 1
98.96283739 82.60101260 1
92.38640635 97.10789419 1
45.45120325 86.07154543 1
81.95976591 61.62748178 1
69.05730654 77.65129109 1
97.92772080 78.92871888 1
92.04682026 98.67450254 1
89.02933594 46.48116223 1
86.05205886 60.90419138 1
94.74685871 50.23790369 1
77.69255360 77.44147356 1
61.31384567 74.12063731 1
82.84521516 65.95512577 1
97.70399206 71.33503612 1
89.18900321 36.70826381 1
67.72730383 77.26620785 1
42.93367218 79.79451397 1
88.54108840 49.29275412 1
83.81852274 78.73862517 1
55.40935987 79.74298745 1
67.93146544 91.68768590 1
80.18871173 99.70004790 1
96.89749574 82.76328231 1
64.15784047 88.51119395 1
55.92307317 66.62044505 1
62.52839702 88.55915616 1
83.49835335 51.62402626 1
48.40826025 99.06670770 1
35.90740610 89.66897466 1
97.58927308 30.67463805 1
59.13833955 77.26682814 1
80.85870477 69.52508862 1
47.70201418 93.08969908 1
49.56904405 79.05569784 1
33.70129792 88.14464200 1
79.94507828 64.70217996 1
74.67022266 85.47654422 1
97.90583159 44.76531460 1
80.23434800 41.80114288 1
75.68552140 65.93556965 1
41.57843037 98.03300508 1
90.26030452 67.60024212 1
66.17039314 79.81458916 1
87.82130323 81.74811096 1
82.73023733 51.18237340 1
48.12831107 90.87157796 1
78.78592237 98.03965264 1
91.92717436 55.95127193 1
76.68541151 64.94525807 1
81.12864353 53.11287514 1
38.19163689 88.81726066 1
71.47705632 64.08556019 1
53.15656994 68.22000004 1
70.72140872 49.80347328 1
90.39580418 46.87227084 1
67.11880774 58.94747811 1
97.53950899 98.34309312 1
96.36858427 82.76247837 1
65.09519323 74.49271783 1
70.35105519 79.54548734 1
89.15451430 95.57344262 1
88.33156900 85.68084127 1
65.19524133 93.50352899 1
55.06605178 84.15618723 1
96.45968894 73.45781840 1
92.20065906 34.38794886 1
57.17330892 72.91234885 1
50.65652526 80.86564102 1
83.74033628 82.55841001 1
94.49448589 27.02336093 1
88.95963514 98.47131766 1
48.95677471 92.62017055 1
97.33284929 91.28364222 1
65.13297333 79.56496429 1
49.35771368 74.24284434 1
61.46583031 63.78415273 1
51.53313381 69.24252942 1
90.25547614 82.19120532 1
68.44593179 65.40909889 1
99.51929353 34.16719816 1
26.78101006 98.18522802 1
79.25386742 56.64320936 1
74.35839381 48.55317480 1
67.04766426 65.28365544 1
78.34328441 98.56562236 1
45.03714100 85.29236144 1
72.11029498 97.38445777 1
76.91522654 90.74234664 1
94.87307162 63.17906887 1
52.17048566 91.27291599 1
80.74456327 78.97878003 1
86.75429363 74.23353595 1
97.13342723 44.94776049 1
47.83834857 97.89418176 1
68.13208246 87.45397580 1
39.49465576 92.00889472 1
95.83620047 49.07020923 1
82.17306941 90.39191024 1
79.79250812 75.20566176 1
49.47066867 98.66238808 1
88.51985719 36.75654975 1
84.77675865 86.25122895 1
35.63335616 88.00109541 1
76.29068354 67.64859918 1
81.78894334 59.26172488 1
71.81152735 60.44163267 1
48.41713169 92.41670172 1
41.13351507 90.98158531 1
38.79057506 86.15639404 1
39.11787436 97.51550111 1
61.66111229 98.48688063 1
67.17405260 92.55729220 1
80.71067612 49.18496955 1
84.16579753 97.10318294 1
70.59302406 91.55412047 1
76.77705969 95.69303868 1
82.64186601 59.02804598 1
89.21452328 31.97887187 1
62.65225014 95.37941103 1
98.51473425 72.10753956 1
88.22130905 33.28231279 1
68.14009515 88.72507182 1
83.87746926 55.45127098 1
37.45135438 86.12870864 1
62.26345148 82.71784932 1
69.14039286 59.00073404 1
77.42698565 44.05377082 1
73.92306427 96.92552460 1
89.27587390 96.45392603 1
77.36390876 78.15594610 1
86.38496899 35.73498672 1
76.54690486 62.18162805 1
84.71434252 50.50176314 1
50.74279986 93.35647832 1
99.50709132 78.59086494 1
94.48540057 29.63251695 1
97.27008673 33.85038651 1
51.17417958 69.14595975 1
88.64028245 79.73407094 1
52.11379896 71.26469009 1
85.78650169 94.56487406 1
55.89557925 71.61196713 1
85.21992501 83.27051730 1
65.31993848 98.59909057 1
39.30070014 93.47219041 1
63.09422915 91.07753796 1
84.85280237 44.68040518 1
65.56543591 72.21208200 1
94.76683403 89.00236754 1
86.97148512 56.86518611 1
58.61294070 98.73709231 1
73.93146437 93.10479755 1
48.03736028 90.95600661 1
35.84605717 93.22404248 1
91.48034851 35.73684404 1
86.59240176 40.56987256 1
89.54460676 53.83186543 1
91.06682178 53.18529814 1
57.17052841 76.96643451 1
61.39991737 89.37902778 1
94.26088844 48.36838224 1
33.23913670 94.78740388 1
82.19266602 77.51872556 1
80.99791997 53.60375850 1
48.81506947 86.11174208 1
88.45711445 76.42558639 1
60.74855899 94.38031500 1
97.40151582 98.00251544 1
40.75410897 89.05060029 1
91.70475983 35.96386528 1
59.66125876 71.35825679 1
75.41265567 61.03038259 1
71.35402042 83.48500199 1
71.69059529 90.84699663 1
50.84211330 86.93712674 1
93.30170555 96.49257330 1
70.23099336 57.40981648 1
54.13925263 74.89113564 1
92.10269230 65.07807097 1
92.04174063 34.37134760 1
81.45093466 52.51680701 1
80.69952010 72.36349558 1
62.76623804 87.90959683 1
74.85010815 51.82195329 1
35.37854453 92.36665747 1
42.37638487 92.70099385 1
91.12499662 86.23392245 1
70.44574788 89.43485031 1
92.62855781 64.95312089 1
94.52490575 87.00562738 1
61.74713343 75.53437518 1
93.67181236 43.30286478 1
69.27511860 77.63517000 1
41.11753864 96.30508661 1
78.27614432 67.67017593 1
98.94410361 76.46641240 1
92.46073777 91.11151332 1
81.97371258 49.48370525 1
51.55381326 88.49579533 1
58.96288462 80.39049118 1
42.97869355 97.00964603 1
79.04666437 65.33952864 1
72.43393142 77.55388888 1
77.29308207 67.58714530 1
92.70747850 71.51478506 1
90.23804241 55.58743604 1
93.93306020 31.87789876 1
69.80555507 74.19137193 1
72.92421785 72.30854015 1
66.58885360 78.91089671 1
87.40325114 99.68759202 1
97.59356143 78.39853083 1
98.23955168 94.53903516 1
96.85140315 88.98685849 1
95.81032981 80.68568128 1
72.90384544 57.12063068 1
71.00513489 67.79566160 1
95.51690772 69.03802651 1
99.51965366 26.44225673 1
79.07318354 71.59653155 1
92.38101228 69.97262115 1
95.47962982 40.95892236 1
53.49277122 85.60459041 1
71.76361427 66.16208628 1
91.43423330 76.87596444 1
91.65320632 57.60415737 1
72.40465927 80.42850005 1
87.67983777 95.93574881 1
64.46392765 75.54025545 1
84.21919071 75.75650781 1
97.19712066 26.84836876 1
61.90799902 60.55971337 1
99.05130773 85.00127977 1
86.66140749 57.52234121 1
62.85423827 86.33838274 1
62.65045323 59.02016582 1
46.85178515 77.87985318 1
55.90920898 70.28886186 1
65.02623755 76.76403786 1
55.13775132 79.84645830 1
37.09608133 95.24914877 1
61.31435077 97.38885176 1
71.67587298 57.54245149 1
85.25484609 61.33770752 1
97.07351607 26.34870264 1
57.59686114 63.62921009 1
86.29208801 53.73395707 1
98.74246309 43.58869806 1
63.97970838 73.33874615 1
79.49443222 75.01452143 1
97.00200938 43.04518689 1
81.67775496 67.66016524 1
48.27073726 94.43503788 1
96.28591553 36.46591030 1
97.03091704 88.69627825 1
64.04726660 56.41337345 1
82.51043426 42.92977605 1
61.25701329 72.55528172 1
58.17764760 99.29654482 1
56.29882769 71.38744730 1
89.43662413 87.44434113 1
67.49360354 90.69618737 1
45.68517626 79.31912445 1
49.04325809 79.78921667 1
64.22226458 78.21320727 1
33.44035723 91.58357881 1
26.86574160 98.00007234 1
80.04331750 99.97731777 1
71.39565059 60.68486975 1
53.97137615 88.91696894 1
53.27544864 89.64483871 1
92.14711444 88.92545689 1
36.68922847 92.15262240 1
75.57705090 97.45322544 1
94.36236842 89.78814532 1
75.43996441 77.61712339 1
79.59231969 87.22078899 1
86.92040859 49.57783400 1
99.64082248 42.50901529 1
59.63000283 78.52137014 1
82.88744521 67.41045372 1
81.37099784 85.55682633 1
56.13267454 99.35092129 1
66.91555972 60.39637594 1
97.72990594 35.56343090 1
54.16218952 69.47745581 1
42.69656378 91.12956379 1
35.91977445 86.18935363 1
71.53956575 49.21601993 1
88.95797884 49.88956221 1
62.76854205 80.31889944 1
65.69665649 94.45766885 1
50.31825571 72.86250004 1
89.34317744 44.77158880 1
54.40821678 94.94346668 1
47.95842599 97.73311433 1
94.05928701 34.77948537 1
97.89717568 28.42326659 1
67.70666196 75.67564461 1
84.08185407 76.22927876 1
39.95577422 83.70445650 1
70.83503438 68.14524605 1
92.30061629 93.70554061 1
57.08232443 80.82456826 1
90.25978694 57.62202942 1
79.32934160 82.07589673 1
87.22904807 79.87871523 1
94.96234106 71.25332560 1
56.16837336 72.43620204 1
69.83273410 57.21725938 1
68.18285974 97.65152665 1
41.00425468 92.40306286 1
56.41972526 66.76417371 1
93.76491905 34.88857574 1
99.69324525 43.11739954 1
90.38085649 92.27805797 1
79.56994271 60.81517984 1
74.15455972 59.98094702 1
66.81824906 66.93667143 1
98.94665950 97.70400913 1
28.73934074 98.91284321 1
94.36293026 87.71373465 1
80.25368352 62.70684774 1
73.89175411 57.82674968 1
86.78024478 58.90570865 1
96.46869223 30.11841687 1
90.23386033 45.94297421 1
91.40734766 71.87404617 1
69.74030037 74.93910446 1
97.65883098 93.66963188 1
73.48306434 86.55203951 1
99.98930117 55.63836561 1
90.48001319 32.77292417 1
82.05738033 47.55175343 1
85.85337653 45.15664783 1
45.17107521 89.91868925 1
45.81324481 84.41625356 1
72.58547475 72.46628232 1
66.08203032 78.46810013 1
43.22092987 14.70784061 0
70.41834208 3.59038574 0
67.00872233 12.18734663 0
20.37190906 93.49464350 0
65.86459870 22.66527494 0
52.82281919 53.66947123 0
19.89792698 22.38577259 0
28.86804009 85.77909748 0
14.26901801 55.97763255 0
59.55842528 41.83728364 0
15.98249532 45.47534242 0
34.41673085 63.08161438 0
16.98679880 64.90196925 0
16.88401156 14.97002580 0
16.11827746 48.78470122 0
73.14278189 30.91796459 0
22.64020851 41.75699242 0
60.88642734 10.40640763 0
7.86480304 38.30310597 0
45.51542406 69.31626793 0
35.37043897 58.30282609 0
39.01688738 8.37942145 0
0.80008312 43.73966413 0
83.94734577 12.19398979 0
1.72114531 21.22493031 0
2.99191178 32.02321033 0
34.20630983 29.77186386 0
55.34707368 4.15338355 0
66.97731874 8.48471143 0
64.23367933 15.77468407 0
14.87815918 23.46132817 0
75.98450680 30.74826811 0
87.57294313 2.27943598 0
20.62049561 53.05841967 0
3.76052699 92.73757415 0
19.40017084 12.45612194 0
1.37075155 87.69940463 0
84.04493029 9.69787620 0
4.91325769 59.23405270 0
20.89134600 54.09756738 0
52.51174141 65.10252684 0
39.86483860 56.74496210 0
26.01005701 59.88551929 0
5.29831836 53.35430579 0
45.20526538 10.11894948 0
13.43698051 26.51417950 0
49.50261608 43.91815789 0
18.64845690 80.55644749 0
4.22441999 10.03615757 0
58.92465209 25.56175192 0
63.68717646 3.25039095 0
11.62381036 5.69580520 0
5.10919361 43.03922890 0
48.13674700 3.62141154 0
99.24876512 1.44479231 0
3.55453783 85.20360938 0
48.97112670 26.88134438 0
8.51499340 65.37672370 0
0.38130516 87.88775162 0
28.37789566 19.89964911 0
19.40729686 58.86732771 0
5.00712029 84.88734450 0
40.28338172 50.05640514 0
13.25389920 68.64394158 0
14.17065877 13.46107374 0
45.40600191 55.59787853 0
20.80609835 43.77949284 0
49.06513941 34.19737009 0
20.30382164 8.79959736 0
76.68232663 24.55696171 0
49.96343146 33.97450538 0
89.12116592 24.91741972 0
71.06355594 4.44683398 0
99.27079588 3.78022478 0
30.65714836 40.55517794 0
5.96301878 71.67462502 0
50.17072800 32.12647271 0
17.40720052 60.15208170 0
0.50462265 25.75893282 0
25.44285199 82.16862824 0
46.58182773 63.20013893 0
42.18164108 39.23223223 0
28.59538079 48.76390603 0
60.57803927 11.88560360 0
58.52580329 4.21958417 0
42.81270251 56.07856147 0
34.50117190 26.60268328 0
33.43029253 6.14565632 0
14.82008799 29.18004776 0
22.71100449 59.00328854 0
8.05309980 4.69747416 0
93.92052229 3.63681791 0
7.15156371 9.34966751 0
88.26577082 5.14177876 0
71.16908273 22.71668888 0
65.39778675 9.62071802 0
26.36870355 91.76163444 0
45.51814769 32.43058103 0
21.90944421 42.74712055 0
46.72035956 50.95170559 0
16.11319329 92.80280864 0
0.14430595 86.58386751 0
27.16535815 3.55026769 0
5.13290276 35.20968955 0
20.88763337 31.04351217 0
58.59529338 36.29694369 0
17.81653525 30.28886690 0
24.09275351 47.40562879 0
7.30010760 91.58017488 0
57.00858231 26.81508689 0
63.09574631 53.51071370 0
3.82289022 93.73677033 0
30.26326227 42.43883883 0
12.99492282 11.88386249 0
24.99833878 33.11613239 0
55.38299943 50.93305789 0
63.04906987 22.48998136 0
58.50050426 5.97514065 0
50.47201514 4.48352120 0
57.38154965 24.05035259 0
40.85227885 72.27366638 0
1.43162333 36.72497406 0
13.70914920 98.05652412 0
25.70470338 33.50530093 0
98.95619785 19.55646390 0
85.82780364 12.89665195 0
29.47902570 58.21267993 0
32.92677575 52.00100323 0
55.73844471 9.77316204 0
85.38725430 10.39992226 0
43.13329586 69.27765655 0
41.05355492 28.86023675 0
88.69654785 16.28867993 0
37.62789375 55.88588000 0
41.94745152 76.31404121 0
42.07226315 17.16787002 0
36.96398272 37.42451255 0
16.79088915 69.77014227 0
20.60022339 46.57994743 0
8.21605627 94.49651774 0
3.29555066 61.81200032 0
14.96556036 69.53384242 0
47.51076652 53.36734546 0
1.72988711 55.00432816 0
12.16846932 82.35368100 0
28.26034955 53.65765435 0
34.69900078 63.53305339 0
30.82453437 68.72378654 0
32.38616701 11.62239342 0
75.69557406 2.41352336 0
20.16341986 8.76721957 0
10.59106464 8.91442697 0
12.21276625 40.64332800 0
39.77031662 39.47245348 0
15.50537588 34.14511114 0
18.99622447 80.25063049 0
3.47286279 16.66369219 0
35.59572975 81.92136500 0
1.90818179 95.07743196 0
78.10897129 28.89775460 0
75.86547654 7.22783417 0
15.33833028 41.85084043 0
52.43570665 42.56279066 0
34.88404125 55.54628560 0
51.11816957 44.67303081 0
79.12173693 30.17156807 0
7.25992788 13.89506143 0
97.80606978 0.87841372 0
14.61102239 40.41036601 0
14.24464969 76.81500069 0
31.72739432 32.62424086 0
1.80271667 5.87100576 0
85.28428140 6.71567143 0
34.75455867 51.57738648 0
71.00918993 40.94687327 0
47.67466278 67.60379480 0
22.56637744 55.01300260 0
50.84980134 19.78659080 0
50.83787936 41.60385961 0
4.47664000 24.61298319 0
52.36135041 35.60414149 0
0.03097016 58.61138757 0
37.30165219 43.09429699 0
74.35815949 38.12195203 0
64.36301783 8.05097290 0
33.22130509 0.67819788 0
6.69396568 4.05543766 0
40.70493589 33.24720508 0
33.79744493 21.07321903 0
5.76418215 58.84465420 0
91.82279761 14.09246596 0
58.92095953 43.86725175 0
26.18831694 20.78284707 0
76.91053346 18.00892861 0
2.60601208 16.91019354 0
19.16325836 54.93796697 0
68.56804398 25.31244115 0
68.89651740 46.90289808 0
24.89060478 13.17407428 0
55.27447257 21.62926456 0
81.06953479 0.24820509 0
10.74628852 28.73088562 0
33.22713788 33.16083232 0
92.98022937 13.71382521 0
38.42451357 35.11119415 0
26.30542986 71.39987419 0
5.81979369 52.28508037 0
1.76179664 50.55858712 0
17.88154485 99.60254953 0
8.94235528 51.57856735 0
18.13035387 47.91039195 0
7.71648227 98.44103716 0
4.55295040 16.04647748 0
18.93477556 57.48494139 0
45.02445940 57.59746766 0
50.39114637 65.85136788 0
18.14571647 44.66050766 0
20.70626614 96.10270576 0
0.88952989 38.19167070 0
2.13685460 51.33140737 0
3.01085157 76.47519120 0
64.86461602 40.43398560 0
55.13783734 54.33083207 0
3.87573842 46.27489284 0
53.43545440 18.74206848 0
37.38306074 33.79928678 0
52.67779185 34.68207256 0
26.13801021 76.66875356 0
84.41428818 22.76709885 0
2.91143183 83.69516159 0
71.21522848 9.23564735 0
59.94825590 46.92437451 0
9.18971260 71.89908306 0
64.69095956 14.20021301 0
3.12687981 39.24006928 0
66.31451930 23.94198480 0
13.47048976 59.13965332 0
23.75887449 38.73595696 0
50.85488640 13.51834168 0
99.45034009 17.16094214 0
43.19340019 40.50418078 0
30.40877346 84.45666653 0
16.04079331 29.25307328 0
53.80042599 17.20902369 0
7.36059585 71.10529059 0
65.69790723 51.00996109 0
36.66931529 61.80169842 0
3.15986827 81.42513919 0
48.75799151 35.19238886 0
35.56294094 60.92533929 0
11.32763035 99.55917837 0
66.75406574 28.52378847 0
72.85206218 5.68697448 0
1.93630185 90.37280240 0
37.68878213 58.33761102 0
58.54589697 31.26982727 0
3.68269107 57.27503783 0
13.47611277 31.57782051 0
77.41991410 17.46557104 0
51.34258959 25.17889961 0
34.37667527 29.11467854 0
31.46446091 33.16402098 0
4.98691860 6.99303361 0
25.34519635 70.57090874 0
24.26905255 35.71482889 0
48.62326618 8.14629328 0
11.82986308 80.38618412 0
49.95960450 15.66901562 0
15.20587677 53.77569197 0
75.42517833 19.42992262 0
14.45380531 84.26476873 0
75.88790591 33.92631576 0
90.40174194 17.43736391 0
28.28321737 65.24575608 0
8.65931914 63.05652025 0
17.97128618 77.25508926 0
8.16845340 81.35599661 0
56.74236858 61.43366572 0
18.80817952 57.96171652 0
85.65672782 24.36432717 0
27.04727768 52.73024812 0
19.10357560 70.43934556 0
74.98484624 14.25790016 0
66.47186091 21.42349717 0
12.21831118 56.21604791 0
35.35105060 22.76255236 0
22.23058994 39.76073408 0
78.39180924 24.90273822 0
48.21386192 36.14171140 0
25.93899854 91.04566799 0
1.56373346 63.47277231 0
23.31043157 65.85586502 0
22.82509071 93.63314724 0
62.09427030 41.99576979 0
45.80425624 45.94599531 0
87.45512367 18.73016807 0
10.83046354 43.36919676 0
0.82414035 86.03602358 0
88.30311244 21.23908025 0
56.09805840 32.84893142 0
22.00069286 29.16343981 0
22.44724099 81.80384565 0
31.97841628 73.83578586 0
41.68091307 76.02903648 0
57.04969687 25.37124459 0
12.45871523 72.04272647 0
16.41284664 25.69656682 0
13.65533468 75.81256141 0
68.54083521 31.68996142 0
47.04228245 61.84064924 0
61.84498802 9.61300440 0
54.38329150 45.81601058 0
39.59579809 0.87992611 0
45.53791885 30.52207165 0
21.36654599 9.88063815 0
40.53463626 4.19163581 0
36.96776437 51.68655041 0
58.40901373 46.51407485 0
26.87257142 78.10271621 0
2.15321319 80.51112292 0
1.71164670 65.26040728 0
17.54371606 72.29088310 0
42.64116416 31.87302105 0
57.00283675 49.89106430 0
11.21450824 47.99581165 0
60.81872743 32.15997984 0
89.89346925 3.24947883 0
57.74234425 60.72697653 0
16.66755729 16.20529239 0
25.89344624 10.46119774 0
19.51727492 3.48405952 0
22.68646877 51.95328086 0
37.52030616 6.30291044 0
32.23219167 5.14266044 0
18.51814180 33.45952418 0
60.21822346 44.10833194 0
8.76681699 81.28222369 0
0.35611192 62.69927771 0
11.39480169 37.17512291 0
32.07341664 48.96236226 0
61.18912987 25.18700349 0
1.20902211 94.96473126 0
29.23822629 69.89414062 0
19.56654242 42.93455521 0
79.91149678 36.19830722 0
6.67091852 22.13473705 0
26.82331359 64.24917953 0
45.77811284 66.44157514 0
7.95697474 65.38194583 0
14.63176512 12.87975678 0
50.98841479 63.37444153 0
14.05094850 49.05486056 0
67.84083114 16.54183482 0
74.54769171 35.15280844 0
88.28283594 27.47300408 0
43.31149763 28.91374177 0
10.85428526 3.82019673 0
60.42859212 49.66963703 0
54.54587434 42.96619175 0
38.57594624 61.18975320 0
61.02028387 8.27301037 0
78.66942822 24.12990100 0
18.86689903 63.64089766 0
24.79748425 55.96000406 0
30.82355169 58.39119371 0
58.06194325 23.71490656 0
23.90427174 55.25573569 0
43.43072881 3.54315351 0
24.63438630 37.94516001 0
25.46580714 77.82180032 0
75.36619364 8.25708961 0
29.36800488 16.29243579 0
0.33178203 21.67495413 0
30.36489256 59.73463740 0
42.78430291 46.01271891 0
72.38495686 2.81373887 0
52.41868129 38.88145868 0
23.74460806 65.51507478 0
41.94375419 56.08682341 0
66.19633772 27.43282744 0
45.94162923 10.95895188 0
93.42718099 19.45280964 0
51.83135574 25.73100840 0
8.18615032 76.10991911 0
23.47780282 80.18877308 0
4.86223191 78.49280728 0
48.67917851 9.73714823 0
13.48975650 90.44295369 0
42.46395942 14.79881668 0
38.25278751 23.17064561 0
35.79667037 24.51172191 0
41.47264839 20.33714826 0
20.34766299 1.88740266 0
57.97533625 36.16781640 0
38.91030125 22.83846575 0
83.09867585 9.61812674 0
55.24169066 8.64579826 0
37.94050601 21.13962443 0
34.88699606 83.38240012 0
39.18790138 9.78385041 0
64.28819347 19.70194224 0
69.31155185 7.92363223 0
1.82087435 9.49392555 0
20.57490278 64.81186967 0
41.40424340 4.12663659 0
37.75816496 18.20557121 0
15.88272480 42.68291722 0
56.51772492 61.54699834 0
9.37095000 32.68917775 0
42.70036815 64.51269864 0
3.75866680 70.29767061 0
40.41909881 41.00548759 0
26.47034724 57.63357730 0
12.16515919 34.57144493 0
6.58627069 80.79392484 0
53.38047877 50.08508397 0
27.87386089 84.17294920 0
40.46691898 55.12897504 0
43.24522414 38.76940378 0
10.62768757 70.54917833 0
69.68319132 40.60038717 0
17.84954047 98.10631100 0
70.69751984 46.18967690 0
28.18622227 79.95643035 0
35.26630456 14.63933345 0
48.72153282 29.03561960 0
3.52378296 78.58188779 0
69.97116380 9.88084296 0
73.63190559 11.14295608 0
33.66479660 32.45124684 0
13.70492472 51.20262959 0
22.42832800 40.50878867 0
74.11739117 9.48428050 0
25.07732565 92.34979172 0
29.42022392 10.84204522 0
31.86498234 62.50527159 0
77.03597002 13.43992769 0
73.42600022 17.43382069 0
13.82952241 10.22332451 0
61.77546306 53.30567352 0
43.17168847 44.72762410 0
31.99636501 19.18651390 0
2.43819892 86.92663103 0
84.60583141 16.96698258 0
47.42799448 61.27061114 0
94.57237987 10.31975137 0
19.52431416 61.70583795 0
19.68246650 89.66303075 0
19.46597178 41.44742679 0
72.85175171 45.24879099 0
62.57220356 36.81169946 0
56.19124952 7.26466190 0
28.67114646 52.80936431 0
5.04182733 27.85603958 0
40.45586533 71.18124892 0
31.90131065 34.95003344 0
8.48936772 16.50286602 0
87.85562043 18.89741952 0
62.17731701 5.60327213 0
5.16910216 35.12953161 0
63.32689678 45.13244149 0
45.47634146 9.17778515 0
6.48533862 11.60178938 0
62.75841846 47.52462533 0
65.75516670 48.85230176 0
28.72287609 76.43377391 0
33.57988359 40.48425836 0
49.62428296 45.26706205 0
21.92930285 94.46401133 0
4.72994798 77.81698146 0
18.00172789 21.23967697 0
79.35322367 4.74368940 0
16.92730603 56.85295615 0
51.29443993 19.67147141 0
36.88122126 66.61682108 0
45.05016171 12.91848303 0
48.59687809 19.64561688 0
13.09486566 65.81376005 0
64.25410043 48.89920461 0
25.43759811 72.96768963 0
19.12463236 29.93293723 0
10.99489772 87.74045904 0
1.00142618 98.06980533 0
97.95067927 9.93481070 0
94.51388738 5.61934353 0
19.04928068 80.22172394 0
38.01798894 46.72972978 0
71.94548220 3.60740340 0
68.09093546 16.22192615 0
64.31398696 53.78892278 0
31.13300333 21.96755454 0
10.53021328 60.65643036 0
30.81455812 19.48924359 0
10.00678042 50.63313396 0
67.94063839 40.04102372 0
79.41973041 40.07838713 0
44.96912171 49.41494872 0
15.70241847 84.66030890 0
68.08535207 22.08268552 0
27.21487153 32.09940162 0
